1994.56339274045
1993.19425563095
1995.56708099375
1982.72724776507
1998.28172007791
1993.43082719493
1980.60224126329
1988.98517714124
1991.47448083868
1986.04824401946
1993.01136871774
1989.94510539078
1988.49833201856
1992.24054940161
1990.22263227622
1991.9241719796
1978.93788287144
1992.91531546747
1989.29424667969
1995.60423610194
1987.05796544691
1990.24082209176
1991.17293551824
1986.56334800415
1974.60989831683
1994.39994528295
1997.05895588935
1983.66075387494
1990.71535726135
1993.20310049045
1987.95452014432
1993.92934197114
1992.97609526411
1995.0651897964
1994.20385233707
1987.13162284531
1994.45657613059
1994.81463615979
1988.62915342531
1988.37903307845
1992.86322366229
1994.58894081404
1996.89198255574
1994.8624550323
1992.83864134533
1992.37787783202
1987.26264148029
1995.49369678851
1979.67991365313
1994.28127238865
1987.47151518651
1996.93835315588
1993.74782793358
1993.54338519981
1988.05400162243
1986.38123422171
1991.90018861078
1994.38082441995
1991.26246146747
1987.85412750201
1992.03514423925
1978.28636218489
1994.82866433756
1986.11880328942
1996.65217585605
1993.69839692813
1995.16952978007
1991.75122460761
1993.62767505501
1988.95096916697
1997.58793207508
1983.44653048468
1993.79859109526
1995.45917866514
1992.60003550772
1996.31372968033
1993.83394162606
1992.64483576273
1995.2723623494
1991.95382592549
1994.09562215555
1986.39565961769
1990.27596450739
1980.17880135
1990.78666347065
1992.40191371382
1993.43242102665
1995.00450178832
1989.85664797561
1988.84650644969
1997.06882032271
1993.41736796509
1991.84190207918
1994.94822363333
1992.64794126253
1981.8169718745
1996.17929789577
1984.46865715763
1992.04395671505
1992.35663054229
