2004.56339274045
2003.19425563095
2005.56708099375
1992.72724776507
2008.28172007791
2003.43082719493
1990.60224126329
1998.98517714124
2001.47448083868
1996.04824401946
2003.01136871774
1999.94510539078
1998.49833201856
2002.24054940161
2000.22263227622
2001.9241719796
1988.93788287144
2002.91531546747
1999.29424667969
2005.60423610194
1997.05796544691
2000.24082209176
2001.17293551824
1996.56334800415
1984.60989831683
2004.39994528295
2007.05895588935
1993.66075387494
2000.71535726135
2003.20310049045
1997.95452014432
2003.92934197114
2002.97609526411
2005.0651897964
2004.20385233707
1997.13162284531
2004.45657613059
2004.81463615979
1998.62915342531
1998.37903307845
2002.86322366229
2004.58894081404
2006.89198255574
2004.8624550323
2002.83864134533
2002.37787783202
1997.26264148029
2005.49369678851
1989.67991365313
2004.28127238865
1997.47151518651
2006.93835315588
2003.74782793358
2003.54338519981
1998.05400162243
1996.38123422171
2001.90018861078
2004.38082441995
2001.26246146747
1997.85412750201
2002.03514423925
1988.28636218489
2004.82866433756
1996.11880328942
2006.65217585605
2003.69839692813
2005.16952978007
2001.75122460761
2003.62767505501
1998.95096916697
2007.58793207508
1993.44653048468
2003.79859109526
2005.45917866514
2002.60003550772
2006.31372968033
2003.83394162606
2002.64483576273
2005.2723623494
2001.95382592549
2004.09562215555
1996.39565961769
2000.27596450739
1990.17880135
2000.78666347065
2002.40191371382
2003.43242102665
2005.00450178832
1999.85664797561
1998.84650644969
2007.06882032271
2003.41736796509
2001.84190207918
2004.94822363333
2002.64794126253
1991.8169718745
2006.17929789577
1994.46865715763
2002.04395671505
2002.35663054229
